1 1 47 1 1
2 1 12 1 1
2 1 40 1 1
2 1 41 1 1
2 1 45 1 1
2 1 46 1 1
2 1 150 2 1
3 1 34 1 1
3 1 34 1 1
3 1 52 1 1
3 1 51 1 1
4 1 42 1 1
4 1 22 1 1
5 1 32 1 1
5 1 33 1 1
5 1 35 1 1
6 1 36 1 1
6 1 11 1 1
6 1 11 1 1
6 1 2 1 1
6 1 13 1 1
7 1 33 1 1
7 1 11 1 1
8 1 35 1 1
9 1 57 1 1
9 1 34 1 1
10 1 56 1 1
10 1 65 1 1
10 1 68 1 1
11 1 1 1 1
11 1 22 1 1
11 1 37 1 1
11 1 61 1 1
11 1 17 1 1
11 1 62 1 1
11 1 98 2 1
12 1 30 1 1
13 1 30 1 1
14 1 3 1 1
14 1 71 1 1
14 1 216 2 1
15 1 24 1 1
15 1 22 1 1
16 1 19 1 1
16 1 21 1 1
17 1 75 1 1
18 1 44 1 1
18 1 22 1 1
19 1 20 1 1
19 1 21 1 1
19 1 60 1 1
19 1 67 1 1
20 1 28 1 1
21 1 23 1 1
21 1 63 1 1
21 1 162 2 1
22 1 25 1 1
24 1 25 1 1
26 1 64 1 1
27 1 11 1 1
28 1 48 1 1
28 1 62 1 1
31 1 49 1 1
31 1 50 1 1
32 1 21 1 1
32 1 29 1 1
33 1 10 1 1
33 1 35 1 1
33 1 37 1 1
34 1 23 1 1
34 1 159 2 1
37 1 26 1 1
38 1 21 1 1
38 1 66 1 1
38 1 31 1 1
39 1 17 1 1
39 1 28 1 1
40 1 41 1 1
42 1 25 1 1
42 1 22 1 1
43 1 15 1 1
43 1 17 1 1
44 1 30 1 1
45 1 150 2 1
51 1 73 1 1
52 1 72 1 1
53 1 11 1 1
54 1 11 1 1
55 1 205 2 1
57 1 58 1 1
58 1 59 1 1
58 1 74 1 1
58 1 175 2 1
59 1 70 1 1
59 1 55 1 1
63 1 16 1 1
68 1 69 1 1
70 1 192 2 1
70 1 174 2 1
70 1 176 2 1
76 2 78 2 1
77 2 79 2 1
78 2 81 2 1
79 2 76 2 1
79 2 80 2 1
80 2 77 2 1
80 2 83 2 1
80 2 84 2 1
81 2 85 2 1
82 2 79 2 1
82 2 86 2 1
83 2 80 2 1
83 2 89 2 1
84 2 83 2 1
85 2 90 2 1
87 2 82 2 1
87 2 91 2 1
88 2 83 2 1
88 2 93 2 1
89 2 94 2 1
91 2 95 2 1
92 2 88 2 1
93 2 98 2 1
94 2 99 2 1
95 2 101 2 1
96 2 92 2 1
97 2 88 2 1
98 2 104 2 1
99 2 102 2 1
100 2 95 2 1
102 2 96 2 1
103 2 97 2 1
104 2 109 2 1
105 2 100 2 1
105 2 112 2 1
106 2 100 2 1
107 2 115 2 1
108 2 103 2 1
109 2 117 2 1
110 2 118 2 1
111 2 105 2 1
111 2 120 2 1
112 2 122 2 1
113 2 106 2 1
114 2 107 2 1
114 2 123 2 1
115 2 123 2 1
115 2 118 2 1
116 2 108 2 1
117 2 126 2 1
117 2 127 2 1
118 2 125 2 1
119 2 110 2 1
121 2 111 2 1
122 2 112 2 1
124 2 136 2 1
124 2 125 2 1
124 2 135 2 1
124 2 125 2 1
125 2 116 2 1
125 2 124 2 1
125 2 137 2 1
127 2 138 2 1
127 2 139 2 1
128 2 119 2 1
129 2 121 2 1
130 2 141 2 1
131 2 122 2 1
131 2 143 2 1
132 2 123 2 1
133 2 123 2 1
133 2 130 2 1
133 2 130 2 1
134 2 123 2 1
135 2 124 2 1
136 2 148 2 1
136 2 221 2 1
137 2 140 2 1
139 2 150 2 1
139 2 151 2 1
139 2 152 2 1
140 2 128 2 1
141 2 129 2 1
142 2 131 2 1
142 2 133 2 1
144 2 132 2 1
144 2 142 2 1
145 2 134 2 1
146 2 153 2 1
147 2 135 2 1
147 2 135 2 1
148 2 159 2 1
149 2 162 2 1
149 2 160 2 1
152 2 163 2 1
152 2 164 2 1
153 2 144 2 1
154 2 145 2 1
155 2 146 2 1
155 2 146 2 1
155 2 167 2 1
156 2 147 2 1
156 2 169 2 1
157 2 147 2 1
157 2 147 2 1
158 2 148 2 1
158 2 219 2 1
159 2 161 2 1
160 2 149 2 1
160 2 149 2 1
160 2 175 2 1
160 2 175 2 1
161 2 189 2 1
162 2 177 2 1
164 2 178 2 1
164 2 179 2 1
165 2 154 2 1
166 2 154 2 1
166 2 182 2 1
168 2 155 2 1
170 2 156 2 1
171 2 170 2 1
171 2 185 2 1
172 2 186 2 1
173 2 187 2 1
173 2 217 2 1
174 2 160 2 1
175 2 191 2 1
175 2 192 2 1
176 2 160 2 1
177 2 193 2 1
180 2 165 2 1
181 2 166 2 1
181 2 183 2 1
183 2 168 2 1
183 2 195 2 1
184 2 168 2 1
186 2 197 2 1
186 2 198 2 1
187 2 200 2 1
188 2 173 2 1
188 2 201 2 1
189 2 202 2 1
190 2 161 2 1
191 2 202 2 1
192 2 175 2 1
193 2 206 2 1
194 2 180 2 1
195 2 208 2 1
196 2 185 2 1
197 2 188 2 1
197 2 209 2 1
198 2 196 2 1
199 2 187 2 1
199 2 210 2 1
200 2 199 2 1
200 2 204 2 1
202 2 211 2 1
203 2 189 2 1
203 2 189 2 1
204 2 190 2 1
204 2 213 2 1
205 2 192 2 1
205 2 192 2 1
206 2 214 2 1
207 2 194 2 1
208 2 206 2 1
211 2 215 2 1
211 2 212 2 1
212 2 203 2 1
212 2 216 2 1
214 2 207 2 1
217 2 218 2 1
218 2 159 2 1
219 2 220 2 1
220 2 172 2 1
222 2 156 2 1
222 2 221 2 1
